"%%%%%%%%%%%%Female%%%%%%%%%%%%%%%%%%
11_Austria
50,51,52,53,54,55,56,57,58,59,60,61,62,63,64,65,66,67,68,69,70,71,72,73,74,75,76,77,78,79,80,81,82,83,84,85,86,87,88,89,90
5.295,5.901,3.8285,4.7741,4.3107,4.9656,3.1787,5.4758,3.8549,4.4307,3.9824,4.3997,4.1301,4.9082,5.0478,4.2069,5.8447,5.0389,6.606,4.4484,5.0626,5.9194,6.5415,6.262,6.3955,7.15,6.4358,6.8288,6.0102,6.6248,6.369,6.1434,6.2529,7.0161,5.6046,4.2368,7.069,6.2963,6.5422,7.4734,6.0034
0.55713,0.5492,0.56844,0.56363,0.56635,0.56373,0.57689,0.55833,0.57183,0.56934,0.57374,0.56973,0.57151,0.56561,0.56571,0.57306,0.5591,0.56503,0.55283,0.57149,0.56834,0.55998,0.55382,0.55606,0.55623,0.55075,0.55639,0.55423,0.5591,0.55488,0.55761,0.56053,0.559,0.55198,0.56561,0.57889,0.55403,0.55768,0.56086,0.5526,0.56109
12_Germany
50,51,52,53,54,55,56,57,58,59,60,61,62,63,64,65,66,67,68,69,70,71,72,73,74,75,76,77,78,79,80,81,82,83,84,85,86,87,88,89,90
6.4539,6.0036,5.25,5.9982,6.0306,5.4403,5.7309,5.3305,4.9836,6.6604,4.5599,6.094,4.999,5.3067,5.759,4.1565,5.9309,3.6057,4.4579,5.2369,5.1314,4.9845,5.1922,5.131,4.7657,5.4449,5.3617,6.8572,5.5533,7.9602,6.1725,5.9422,3.809,5.0157,5.0534,6.9395,6.1446,6.2399,7.9094,5.7313,8.1069
0.5459,0.55203,0.55652,0.55182,0.55144,0.55687,0.55446,0.55842,0.56252,0.5486,0.56669,0.55536,0.5643,0.56236,0.5582,0.57276,0.55865,0.57868,0.57219,0.56505,0.56655,0.56774,0.56715,0.56638,0.57008,0.56601,0.56583,0.55381,0.56347,0.54318,0.55897,0.56258,0.57881,0.57131,0.56979,0.55763,0.56175,0.56033,0.54714,0.56296,0.54441
13_Sweden
50,51,52,53,54,55,56,57,58,59,60,61,62,63,64,65,66,67,68,69,70,71,72,73,74,75,76,77,78,79,80,81,82,83,84,85,86,87,88,89,90
5.0017,6.6522,7.5819,6.2324,5.9016,7.0703,6.5372,6.6268,6.3621,6.848,5.1459,8.138,6.0826,6.6641,7.1355,6.2121,6.9781,6.5612,6.618,6.6675,6.734,6.0534,6.4753,6.8253,5.9639,7.0715,6.5811,6.2568,6.4338,5.1937,5.8848,5.7876,5.2009,6.1462,5.9167,5.2813,8.2688,6.1174,7.8755,6.9222,7.1245
0.55972,0.54273,0.53516,0.54769,0.54947,0.54084,0.5453,0.54464,0.55104,0.54445,0.55986,0.53282,0.55174,0.54735,0.54243,0.55058,0.54526,0.5494,0.54718,0.54788,0.54737,0.55285,0.55057,0.54627,0.55543,0.5468,0.55063,0.55488,0.55356,0.56473,0.56088,0.56109,0.56806,0.55692,0.56153,0.56475,0.53668,0.5611,0.54113,0.55118,0.54625
14_Netherlands
50,51,52,53,54,55,56,57,58,59,60,61,62,63,64,65,66,67,68,69,70,71,72,73,74,75,76,77,78,79,80,81,82,83,84,85,86,87,88,89,90
6.3627,6.9045,6.4835,8.9114,7.1873,8.0217,5.0999,6.0479,7.491,5.8735,6.8554,5.3707,5.5974,5.1961,5.6294,7.6783,4.4884,5.9294,6.7003,6.5549,5.879,8.8106,6.3178,8.0266,5.0019,6.3303,8.1261,5.9914,6.3002,8.6911,8.2552,6.6241,6.3849,6.9368,7.4058,8.8804,6.9392,7.6363,8.6534,9.5434,9.2276
0.54743,0.53776,0.54116,0.52131,0.53763,0.52841,0.55434,0.54565,0.53523,0.54908,0.54079,0.55259,0.55166,0.55744,0.55258,0.53511,0.56207,0.55036,0.54363,0.54435,0.55364,0.52882,0.54953,0.5351,0.56139,0.54968,0.53664,0.55558,0.55137,0.52978,0.53824,0.54809,0.5528,0.54553,0.54553,0.52892,0.55214,0.54371,0.5327,0.51608,0.5265
15_Spain
50,51,52,53,54,55,56,57,58,59,60,61,62,63,64,65,66,67,68,69,70,71,72,73,74,75,76,77,78,79,80,81,82,83,84,85,86,87,88,89,90
6.7013,3.4548,4.4297,6.1075,3.3431,6.0476,4.7941,6.6114,4.7499,5.7023,4.8129,5.9276,5.3974,5.5362,7.4801,4.4827,6.858,6.4804,7.0938,5.8067,5.9499,7.2944,7.6048,7.6276,6.4675,6.9731,7.0366,5.9614,7.2315,6.9996,6.5643,6.9607,6.7821,6.4593,3.4531,7.4389,5.741,7.3087,5.8388,6.5715,6.1681
0.55681,0.59081,0.57792,0.5642,0.58976,0.56617,0.57752,0.56089,0.57867,0.57216,0.57975,0.56996,0.57514,0.57566,0.55649,0.58596,0.56454,0.56759,0.56307,0.57573,0.57373,0.56207,0.55997,0.56188,0.56973,0.56702,0.56536,0.5762,0.56284,0.56711,0.57209,0.56966,0.56909,0.57652,0.60109,0.56827,0.58104,0.56317,0.58031,0.57242,0.57954
16_Italy
50,51,52,53,54,55,56,57,58,59,60,61,62,63,64,65,66,67,68,69,70,71,72,73,74,75,76,77,78,79,80,81,82,83,84,85,86,87,88,89,90
5.3039,4.8725,5.3847,5.7489,5.4079,4.8905,4.1715,3.8062,6.1011,5.0751,5.0789,5.7135,5.472,6.1498,6.6011,6.4723,6.9302,5.9487,6.5434,5.4346,6.7849,6.2304,6.3762,6.3163,5.7833,6.2728,5.1414,5.918,4.6802,5.4798,5.6183,6.5731,5.6722,5.7816,5.3611,4.7254,5.1089,7.1932,5.9025,5.6662,6.5834
0.56771,0.56657,0.56378,0.56033,0.56445,0.57066,0.57858,0.58287,0.56076,0.57017,0.57142,0.56435,0.56874,0.56308,0.55863,0.56026,0.55593,0.56575,0.56108,0.5714,0.55913,0.56477,0.56242,0.56442,0.56928,0.56548,0.57508,0.57137,0.58059,0.57461,0.56895,0.56541,0.56958,0.57214,0.57658,0.58088,0.57913,0.55558,0.57162,0.56754,0.56634
17_France
50,51,52,53,54,55,56,57,58,59,60,61,62,63,64,65,66,67,68,69,70,71,72,73,74,75,76,77,78,79,80,81,82,83,84,85,86,87,88,89,90
4.5976,5.0205,2.1331,6.737,5.8714,5.3918,4.777,6.7498,5.6819,6.5393,4.6863,5.6697,4.8329,4.8734,5.2064,4.5897,5.3612,4.9899,4.9508,4.9366,4.9644,4.1326,6.4844,5.0175,4.4501,4.404,4.7856,5.5675,6.1979,5.5303,5.3049,5.6094,5.1095,6.2275,4.1963,6.6296,5.6714,7.9086,4.8115,4.7459,7.7208
0.5706,0.56707,0.59536,0.55274,0.56124,0.56576,0.57095,0.55326,0.56305,0.55634,0.5754,0.56533,0.57477,0.57542,0.57251,0.57875,0.56924,0.57664,0.57486,0.57718,0.57503,0.58433,0.56131,0.57582,0.58285,0.58265,0.58113,0.57342,0.56746,0.57365,0.5771,0.57269,0.57751,0.56678,0.58723,0.56453,0.57019,0.54831,0.58128,0.5824,0.55233
18_Denmark
50,51,52,53,54,55,56,57,58,59,60,61,62,63,64,65,66,67,68,69,70,71,72,73,74,75,76,77,78,79,80,81,82,83,84,85,86,87,88,89,90
6.7695,7.124,7.3272,5.7809,6.0988,5.9684,6.1443,5.7048,6.3119,6.1961,5.5675,6.0459,6.2245,6.5022,6.7301,5.7206,6.5548,6.6185,5.8955,5.6778,6.196,4.5386,5.9266,4.9363,5.3547,4.9287,2.8903,6.2971,3.4165,4.8535,3.5184,4.8764,4.5015,6.4678,5.4565,6.2278,5.088,5.1722,3.9608,5.9534,5.2145
0.53865,0.53709,0.53632,0.54871,0.54516,0.54722,0.54524,0.55075,0.54278,0.54725,0.55222,0.54836,0.54861,0.54392,0.54651,0.55098,0.54744,0.54518,0.55338,0.55516,0.55025,0.56658,0.55357,0.56238,0.55942,0.56232,0.58113,0.55329,0.57863,0.56627,0.57707,0.56706,0.5714,0.55314,0.56369,0.55732,0.5664,0.56614,0.58123,0.55782,0.56945
19_Greece
50,51,52,53,54,55,56,57,58,59,60,61,62,63,64,65,66,67,68,69,70,71,72,73,74,75,76,77,78,79,80,81,82,83,84,85,86,87,88,89,90
4.8696,6.4855,5.45,5.6794,5.8989,4.0251,3.6087,5.2712,5.3864,6.8697,4.2616,5.7944,6.3543,5.2956,6.8803,6.4153,7.3062,5.5601,8.437,6.7295,7.2435,6.6332,7.4253,6.008,8.0275,7.6064,6.7021,7.9727,6.9248,6.207,6.5402,5.2984,4.6017,5.4844,5.3498,7.9849,6.4398,1.8072,5.7681,6.4968,3.7938
0.56318,0.55187,0.56221,0.56131,0.55887,0.57428,0.57905,0.56623,0.56309,0.55026,0.57557,0.56259,0.55701,0.56624,0.55177,0.55618,0.55144,0.56497,0.54219,0.55495,0.55196,0.55906,0.5524,0.56645,0.54624,0.55323,0.56056,0.55053,0.5627,0.56717,0.56339,0.57353,0.58367,0.56997,0.57264,0.55041,0.56762,0.60745,0.57309,0.56289,0.59391
20_Switzerland
50,51,52,53,54,55,56,57,58,59,60,61,62,63,64,65,66,67,68,69,70,71,72,73,74,75,76,77,78,79,80,81,82,83,84,85,86,87,88,89,90
5.7451,5.8373,4.9158,5.5091,5.0528,5.1828,5.1338,4.9069,5.8345,4.2598,5.2293,4.4,4.6079,4.3083,3.9993,4.9945,4.9185,4.2822,4.9967,5.4327,5.3637,5.0439,5.9753,5.4486,5.1994,5.5372,5.4582,5.5343,5.1388,4.5118,4.8465,4.9503,4.3763,5.3966,4.9451,7.2545,2.2408,7.1296,6.9175,5.7509,5.2305
0.55215,0.55487,0.55776,0.55514,0.55834,0.56134,0.55754,0.56196,0.55444,0.56929,0.55967,0.56823,0.56543,0.56964,0.57168,0.56349,0.56654,0.57128,0.56433,0.56291,0.56362,0.56544,0.55701,0.56206,0.56425,0.56489,0.56412,0.56573,0.56588,0.57672,0.57124,0.57096,0.57774,0.56557,0.57364,0.54981,0.60084,0.54693,0.55292,0.55973,0.57029
23_Belgium
50,51,52,53,54,55,56,57,58,59,60,61,62,63,64,65,66,67,68,69,70,71,72,73,74,75,76,77,78,79,80,81,82,83,84,85,86,87,88,89,90
6.5246,6.2622,6.0905,5.8553,5.8448,5.8303,5.4089,6.054,5.7527,5.881,4.4371,5.7351,5.1098,6.606,5.3623,4.4347,6.3207,5.476,6.3282,5.3184,7.4255,6.4018,6.0453,6.2679,6.172,6.6502,6.1671,5.7966,6.5868,5.7142,5.6332,6.2279,5.0482,3.2001,6.6933,6.1249,6.0472,6.4833,7.4506,5.6122,4.7451
0.54792,0.5535,0.55441,0.55609,0.55711,0.55681,0.56023,0.55699,0.55834,0.55922,0.57107,0.56048,0.56448,0.55492,0.56419,0.57509,0.55629,0.56477,0.55735,0.56673,0.54726,0.55706,0.56119,0.5592,0.56167,0.55664,0.56126,0.56492,0.55767,0.56561,0.56875,0.56064,0.57565,0.5897,0.5576,0.56357,0.56536,0.5598,0.55041,0.57022,0.57905
28_Czech
50,51,52,53,54,55,56,57,58,59,60,61,62,63,64,65,66,67,68,69,70,71,72,73,74,75,76,77,78,79,80,81,82,83,84,85,86,87,88,89,90
6.7274,4.1003,6.5924,5.1874,6.9764,6.4806,5.6369,5.5118,6.1275,7.8971,5.5153,7.7442,5.8864,6.7713,6.6946,6.2587,6.731,5.9066,5.9314,6.4157,7.6293,6.5215,6.6877,6.7355,7.2711,7.0884,7.8445,6.749,7.6281,6.3467,7.0369,6.932,9.3276,8.526,6.5988,5.7243,7.3246,7.8272,8.4732,6.2787,9.5301
0.54584,0.56843,0.5469,0.55992,0.54532,0.55155,0.5582,0.56015,0.55453,0.54277,0.56134,0.54688,0.55975,0.55329,0.55447,0.55927,0.55536,0.56349,0.56177,0.5594,0.54944,0.55939,0.55718,0.55916,0.55193,0.55442,0.5478,0.55828,0.5493,0.56123,0.55583,0.55519,0.53518,0.54194,0.55771,0.56804,0.55224,0.55059,0.53806,0.56579,0.52742
29_Poland
50,51,52,53,54,55,56,57,58,59,60,61,62,63,64,65,66,67,68,69,70,71,72,73,74,75,76,77,78,79,80,81,82,83,84,85,86,87,88,89,90
6.6507,5.0596,5.6664,5.6052,5.7553,3.6018,4.7015,5.3901,4.2844,6.9238,5.9334,5.6604,6.678,5.1198,6.8374,6.3162,6.2475,6.4337,5.0811,5.9088,6.4056,7.6291,6.2798,6.6125,6.8614,5.7409,6.0682,7.1408,5.2391,4.0798,6.7661,5.0595,5.7993,5.7772,7.0165,3.1694,7.9001,4.6874,5.0056,3.6204,1.5725
0.5502,0.56593,0.55962,0.56136,0.56168,0.58168,0.5731,0.56646,0.57574,0.5541,0.56307,0.56647,0.55802,0.5728,0.55819,0.56313,0.56577,0.56341,0.57611,0.5671,0.56597,0.5539,0.56816,0.5626,0.56136,0.57139,0.56661,0.55915,0.5769,0.58394,0.56222,0.57795,0.5712,0.57196,0.56163,0.59823,0.55206,0.58701,0.58205,0.59312,0.62008
31_Luxembourg
52,53,54,55,56,57,58,59,60,61,62,63,64,65,66,67,68,69,70,71,72,73,74,75,76,77,78,79,80,81,82,83,84,85
4.9246,6.879,6.9925,6.3776,5.344,6.4072,5.1832,5.7999,6.0054,7.1122,5.8953,7.0231,5.3155,5.6675,6.6621,2.488,3.6182,3.294,4.8468,4.5019,6.3767,4.2946,7.7952,3.0199,6.6286,4.6984,4.6297,6.5425,6.4475,6.1142,10.1313,5.8122,9.4172,6.912
0.56233,0.54717,0.54041,0.55332,0.55932,0.55329,0.56197,0.55538,0.55647,0.54697,0.55788,0.54647,0.56448,0.55976,0.54997,0.5905,0.57883,0.58118,0.5701,0.56946,0.55449,0.56903,0.54277,0.58539,0.55717,0.57228,0.57416,0.55051,0.55836,0.56001,0.52752,0.55975,0.53273,0.55614
32_Hungary
51,52,53,54,55,56,57,58,59,60,61,62,63,64,65,66,67,68,69,70,71,72,73,74,75,76,77,78,79,80,81,82,83,84,85
6.7273,2.3028,5.8551,7.0095,10.0999,3.6375,9.0234,6.7904,6.1487,6.8435,7.6548,5.1248,5.5146,8.2191,5.8461,6.7177,8.2674,6.3936,8.2666,6.8695,7.3695,6.1463,7.4878,3.6031,6.944,9.962,6.4023,7.1848,7.5102,8.6868,7.6319,8.103,3.9285,6.5516,7.9801
0.5523,0.59204,0.55942,0.55195,0.5231,0.5801,0.5372,0.55947,0.56232,0.55463,0.55076,0.56987,0.57021,0.54947,0.56792,0.55582,0.54715,0.56194,0.54549,0.55733,0.55641,0.5644,0.55274,0.58758,0.55543,0.53313,0.56556,0.5549,0.55683,0.53642,0.55674,0.54338,0.58506,0.5631,0.54636
33_Portugal
51,52,53,54,55,56,57,58,59,60,61,62,63,64,65,66,67,68,69,70,71,72,73,74,75,76,77,78,79,80,81,82,83,84,85,86,87
8.1843,3.2452,7.1243,7.4694,6.8016,5.8189,7.0386,6.6192,4.7331,4.0999,6.6233,6.5507,6.2159,7.2839,6.8449,7.5573,8.0382,6.3555,6.5871,6.1762,5.1859,6.0593,9.825,8.5088,6.4051,5.4514,8.5377,8.223,6.4733,10.4837,3.4552,7.429,7.1776,7.7539,9.0331,10.4672,7.3533
0.54818,0.59464,0.55951,0.55696,0.56377,0.57288,0.55948,0.56845,0.58574,0.5941,0.57074,0.57058,0.57106,0.56627,0.56776,0.56214,0.55851,0.57387,0.57327,0.57233,0.58496,0.57651,0.54121,0.5499,0.56921,0.58183,0.55241,0.55486,0.5674,0.53552,0.60333,0.56223,0.56363,0.56124,0.54428,0.5283,0.5619
34_Slovenia
50,51,52,53,54,55,56,57,58,59,60,61,62,63,64,65,66,67,68,69,70,71,72,73,74,75,76,77,78,79,80,81,82,83,84,85,86,87,88,89,90
5.1152,4.7607,5.7784,6.8818,6.0083,6.0931,5.7917,5.8981,6.507,6.581,6.9048,7.1037,6.2739,6.3246,5.3558,6.5485,6.0397,5.8625,6.7351,6.8069,7.2723,6.8077,7.9735,6.1698,6.7158,6.0176,6.5489,5.2537,5.5025,6.2029,6.8487,5.5535,5.5467,5.141,7.9049,5.2914,6.6062,5.5336,6.9174,4.3653,8.4039
0.56322,0.56373,0.55763,0.54878,0.55625,0.55592,0.55948,0.55735,0.55317,0.55166,0.55143,0.55,0.55775,0.55736,0.56619,0.55635,0.56061,0.56384,0.55523,0.55728,0.55205,0.55719,0.54749,0.56136,0.55724,0.56427,0.55978,0.57269,0.56893,0.5651,0.55597,0.57133,0.56828,0.57568,0.54912,0.57166,0.5632,0.57382,0.56036,0.58434,0.54618
35_Estonia
50,51,52,53,54,55,56,57,58,59,60,61,62,63,64,65,66,67,68,69,70,71,72,73,74,75,76,77,78,79,80,81,82,83,84,85,86,87,88,89,90
3.909,4.2131,5.5095,4.6065,5.0094,4.3393,4.4278,4.7572,4.5708,4.9418,3.9072,5.323,4.8037,5.3522,5.4656,5.6356,6.8062,4.1066,6.1141,4.9341,5.8394,6.3661,5.9843,7.2384,6.2486,6.106,6.633,6.7188,6.4994,6.4006,6.7365,6.4661,6.9288,5.2997,7.2909,6.6202,5.5908,7.5448,4.5785,6.6962,4.9664
0.57311,0.56855,0.55914,0.56639,0.56458,0.56932,0.57124,0.56754,0.57048,0.56826,0.57786,0.56656,0.57392,0.56864,0.56853,0.5668,0.55807,0.58021,0.56327,0.57522,0.56554,0.56367,0.56637,0.55604,0.56421,0.56605,0.56089,0.56057,0.563,0.56311,0.56218,0.56403,0.55989,0.57499,0.55552,0.56332,0.57194,0.55134,0.58293,0.56059,0.58058
47_Croatia
51,52,53,54,55,56,57,58,59,60,61,62,63,64,65,66,67,68,69,70,71,72,73,74,75,76,77,78,79,80,81,82,83,84,85,86,87,88,89
7.7092,6.1924,4.6806,6.9349,5.8407,4.9346,6.2,4.4574,5.7897,5.9322,4.2934,6.075,7.6464,6.6862,8.3369,6.7865,8.6208,6.9927,9.4446,7.4378,9.5215,7.2016,9.3672,7.6094,9.6168,9.7494,8.8455,6.765,9.572,9.0154,6.9827,8.6329,4.6618,5.2337,7.3679,5.9641,10.6018,8.7879,9.7914
0.53541,0.54927,0.56248,0.54424,0.55534,0.56083,0.55226,0.56707,0.55614,0.55785,0.57066,0.55664,0.54368,0.55116,0.53998,0.55277,0.53551,0.55097,0.5328,0.54918,0.53149,0.55145,0.53079,0.54428,0.52907,0.52837,0.53362,0.55828,0.52722,0.53496,0.55137,0.53734,0.57169,0.56983,0.55006,0.56314,0.52176,0.5337,0.52529
48_Lithuania
51,52,53,54,55,56,57,58,59,60,61,62,63,64,65,66,67,68,69,70,71,72,73,74,75,76,77,78,79,80,81,82,83,84,85,86,87
3.6332,6.2623,5.9211,4.6443,5.202,6.2385,6.6167,5.4545,4.1936,7.1601,5.7595,7.2646,7.0406,8.2054,4.3483,7.3754,6.3577,4.4192,6.4801,5.8629,5.4902,7.3268,4.4815,8.028,6.7553,4.3444,4.7242,4.8115,5.4527,4.2929,5.6188,3.8143,11.0273,1.5824,5.7994,4.7972,9.1038
0.57162,0.55032,0.55729,0.56261,0.56113,0.55331,0.55256,0.56003,0.57065,0.55266,0.56292,0.55263,0.55,0.54318,0.5764,0.54976,0.55833,0.57534,0.56387,0.57119,0.5663,0.55769,0.57933,0.55264,0.55748,0.57905,0.57415,0.57574,0.56956,0.57607,0.5714,0.58414,0.52417,0.61047,0.57155,0.57463,0.54336
51_Bulgaria
51,52,53,54,55,56,57,58,59,60,61,62,63,64,65,66,67,68,69,70,71,72,73,74,75,76,77,78,79,80,81,82,83,84,85
2.5619,2.703,6.878,4.2442,10.825,3.6197,6.8832,6.2802,8.0251,5.0516,3.3325,8.8406,9.0934,3.588,6.5211,5.1381,7.4726,11.3652,6.0332,11.9528,6.5384,6.3392,7.5841,4.7965,8.1245,3.0981,10.1341,3.0547,4.8254,9.1614,6.8081,7.3567,11.3985,8.5335,7.5489
0.59106,0.59207,0.54771,0.5752,0.52339,0.57852,0.5517,0.5565,0.54478,0.56719,0.58685,0.53763,0.53738,0.58588,0.55754,0.56994,0.54959,0.51903,0.56623,0.51047,0.55993,0.55997,0.54886,0.5746,0.5498,0.58946,0.53047,0.58911,0.57931,0.54637,0.55932,0.5487,0.51427,0.53595,0.5582
53_Cyprus
56,57,58,59,60,61,62,63,64,65,66,67,68,69,70,71,72,73,74,75,76,77,78,79,80,81,82,83,84
2.6141,8.0414,7.5273,6.3873,6.0587,5.595,8.0056,5.6003,6.9564,8.3783,3.8217,7.6444,5.6925,4.5719,6.6085,4.9462,6.3679,7.4707,7.6097,4.8908,8.3091,4.5226,4.2443,8.2453,8.9975,11.824,4.6424,4.4501,9.2547
0.59868,0.54674,0.55024,0.56084,0.57146,0.5749,0.54776,0.57052,0.559,0.55025,0.59277,0.56083,0.57348,0.58402,0.57783,0.58037,0.56578,0.56021,0.55526,0.58104,0.55174,0.58756,0.58548,0.55787,0.54698,0.51837,0.58805,0.58985,0.54778
55_Finland
51,52,53,54,55,56,57,58,59,60,61,62,63,64,65,66,67,68,69,70,71,72,73,74,75,76,77,78,79,80,81,82,83,84,85
4.8205,9.7601,5.9583,9.0225,9.2878,4.0045,6.3628,4.9787,6.532,5.3485,7.1514,4.1428,4.1402,5.4989,6.6592,4.8428,7.0054,6.7086,7.1692,5.0702,5.8101,4.4205,4.9837,3.8981,3.9805,5.7552,7.5508,5.2066,4.9355,6.4353,9.8962,4.8489,6.8869,5.6381,3.6165
0.57363,0.51896,0.55291,0.52677,0.52524,0.57035,0.54938,0.56366,0.5505,0.56549,0.54665,0.57182,0.57809,0.56486,0.55653,0.57391,0.55202,0.55495,0.54894,0.56696,0.56341,0.5741,0.56868,0.58049,0.57486,0.56126,0.55314,0.56941,0.57067,0.56648,0.52992,0.57841,0.56621,0.57163,0.58694
57_Latvia
51,52,53,54,55,56,57,58,59,60,61,62,63,64,65,66,67,68,69,70,71,72,73,74,75,76,77,78,79,80,81,82,83,84,85,86
4.1784,4.9019,4.7209,3.2447,6.3124,4.8427,4.9319,4.9429,3.4088,4.8825,7.023,4.0958,4.6,5.4668,2.5038,5.076,9.5993,3.9604,5.727,6.5525,4.0471,6.7222,5.5871,7.3812,6.8909,3.1377,7.6627,9.0924,6.6246,10.304,6.9939,9.3838,9.0333,8.0291,6.5908,8.8318
0.56936,0.55978,0.56225,0.57591,0.55161,0.56764,0.56346,0.5673,0.58192,0.57099,0.55531,0.57595,0.57116,0.56639,0.59068,0.57198,0.53376,0.58299,0.56916,0.5607,0.58057,0.55796,0.56757,0.55508,0.55776,0.59057,0.55136,0.53858,0.56164,0.52787,0.55702,0.53602,0.53939,0.54186,0.56088,0.54148
59_Malta
56,57,58,59,60,61,62,63,64,65,66,67,68,69,70,71,72,73,74,75,76,77,78,79
5.2813,4.9194,3.2998,4.3696,5.0613,6.15,3.9039,5.2183,5.8801,5.9241,7.8484,4.2013,8.296,8.464,4.4411,10.013,8.793,5.0246,3.4432,1.1243,5.8951,5.297,4.7319,7.9926
0.58599,0.58673,0.60945,0.59753,0.58805,0.57642,0.59553,0.59203,0.5787,0.58138,0.56649,0.59778,0.56304,0.56342,0.60447,0.54236,0.56529,0.59156,0.60555,0.64115,0.5825,0.59373,0.59818,0.56298
61_Romania
51,52,53,54,55,56,57,58,59,60,61,62,63,64,65,66,67,68,69,70,71,72,73,74,75,76,77,78,79,80,81,82,83,84,85
1.5517,5.1682,5.9288,5.6837,2.2242,5.06,5.2458,4.9073,9.4893,7.2632,3.4626,6.9605,6.881,5.7713,5.6186,4.6468,6.8142,7.726,5.1772,5.8093,7.7708,6.9829,9.5303,8.1323,5.1042,11.8392,8.8639,11.7329,9.2875,4.4636,6.9916,6.7702,7.5477,6.1592,7.0358
0.59705,0.57067,0.56269,0.56868,0.59519,0.56911,0.57317,0.57141,0.5363,0.55385,0.58461,0.56012,0.56007,0.56495,0.56934,0.57868,0.5588,0.55256,0.57564,0.57071,0.55784,0.55721,0.54097,0.54531,0.57798,0.51791,0.54647,0.52592,0.53678,0.58908,0.56221,0.56461,0.55768,0.57216,0.56254
63_Slovakia
51,52,53,54,55,56,57,58,59,60,61,62,63,64,65,66,67,68,69,70,71,72,73,74,75,76,77
5.4447,5.394,5.4855,5.2205,5.8846,5.7428,4.4231,4.6713,6.7969,4.2407,4.8767,4.4578,4.1914,4.3655,10.1692,7.366,5.6056,5.0494,7.2459,3.4173,4.9298,2.8914,3.4791,7.8858,7.5806,7.9785,2.4967
0.55162,0.55553,0.55456,0.55934,0.54956,0.5557,0.56553,0.56556,0.54574,0.56995,0.56193,0.5692,0.57031,0.56892,0.52078,0.54885,0.5594,0.56552,0.55186,0.5817,0.57205,0.59038,0.58356,0.542,0.54726,0.54415,0.59245

%%%%%%%%%%%%Male%%%%%%%%%%%%%%%%%%
11_Austria
50,51,52,53,54,55,56,57,58,59,60,61,62,63,64,65,66,67,68,69,70,71,72,73,74,75,76,77,78,79,80,81,82,83,84,85,86,87,88,89,90
9.5299,8.1056,10.2209,10.3303,7.4629,9.8961,8.4866,9.224,9.6888,9.4536,9.8006,10.8055,8.6984,8.5327,9.3596,10.6866,9.5969,8.2429,9.4486,7.4222,9.5764,7.9097,9.2985,6.0732,9.2476,9.7989,9.9099,8.7798,9.8283,8.9144,11.2085,10.4895,11.1618,10.7366,14.2024,10.6937,7.8518,10.5864,10.9162,7.346,8.3942
0.49311,0.50679,0.49269,0.49435,0.5109,0.49682,0.50684,0.50256,0.4985,0.50209,0.5002,0.49337,0.50704,0.51037,0.50428,0.49556,0.50363,0.51351,0.50402,0.51895,0.50333,0.51574,0.50535,0.52742,0.50611,0.50174,0.50278,0.50904,0.50247,0.50991,0.49242,0.49816,0.49264,0.49694,0.46892,0.4981,0.51675,0.4967,0.49675,0.52424,0.51471
12_Germany
50,51,52,53,54,55,56,57,58,59,60,61,62,63,64,65,66,67,68,69,70,71,72,73,74,75,76,77,78,79,80,81,82,83,84,85,86,87,88,89,90
6.1917,10.1082,11.2429,11.3133,7.5241,9.5962,8.5973,10.358,9.2182,9.7896,12.0843,8.3388,11.3959,9.1873,11.2963,7.7806,12.3162,9.5452,11.1334,9.8876,9.185,9.2402,9.7286,10.2529,12.0511,11.0076,10.5326,10.6712,9.8247,8.9755,10.3619,9.8785,8.0334,11.4497,6.6886,10.8092,10.7196,10.6512,9.5722,7.733,11.959
0.51813,0.49274,0.48545,0.48653,0.51117,0.49902,0.50462,0.49301,0.50102,0.49785,0.48307,0.50862,0.48895,0.50234,0.49,0.51394,0.48311,0.50203,0.49251,0.50001,0.50487,0.50487,0.50152,0.49781,0.48688,0.49373,0.49636,0.49571,0.5006,0.50898,0.49824,0.50119,0.51658,0.49204,0.52871,0.49481,0.50044,0.49627,0.50677,0.5164,0.48252
13_Sweden
50,51,52,53,54,55,56,57,58,59,60,61,62,63,64,65,66,67,68,69,70,71,72,73,74,75,76,77,78,79,80,81,82,83,84,85,86,87,88,89,90
7.2538,13.731,10.8277,12.6572,13.8778,14.1144,13.6876,14.1346,10.3127,13.417,10.0412,12.9373,10.5874,13.608,9.5779,11.9983,10.2047,10.6016,10.2687,10.1866,11.5175,9.9628,10.7683,9.2886,10.5913,8.9303,10.523,9.4545,10.7969,9.7007,10.3605,8.7287,11.8061,8.3427,9.8186,9.3704,8.5362,9.7178,7.0594,10.5736,10.85
0.50729,0.46452,0.48393,0.47386,0.46298,0.46447,0.46698,0.4636,0.48881,0.47022,0.4914,0.47267,0.48932,0.46833,0.49559,0.47821,0.49175,0.48815,0.49176,0.49056,0.48315,0.49339,0.48872,0.49795,0.48966,0.50054,0.49111,0.49607,0.48807,0.49668,0.49173,0.50401,0.48263,0.50757,0.49462,0.50017,0.50692,0.49627,0.51672,0.49194,0.48412
14_Netherlands
50,51,52,53,54,55,56,57,58,59,60,61,62,63,64,65,66,67,68,69,70,71,72,73,74,75,76,77,78,79,80,81,82,83,84,85,86,87,88,89,90
14.3465,13.1663,13.4594,11.8951,13.042,12.9553,13.1857,13.5927,14.3163,11.4384,12.3514,10.8951,12.5366,12.3493,10.7994,13.9585,13.864,11.5044,11.8178,13.0476,11.1779,12.606,12.9423,13.7041,12.3167,11.3247,13.4781,14.8304,15.0727,17.9896,13.9776,13.778,17.466,15.4662,1.4506,15.7755,8.2535,10.1285,15.2582,7.4064,16.4573
0.46122,0.46524,0.46504,0.47435,0.46808,0.46886,0.46708,0.46708,0.46094,0.48052,0.47448,0.48547,0.47582,0.47576,0.48544,0.46595,0.46674,0.48062,0.48013,0.47336,0.48425,0.47502,0.47618,0.46894,0.47845,0.48541,0.47275,0.46143,0.45954,0.43936,0.46662,0.46789,0.44255,0.4565,0.55379,0.45209,0.50779,0.49294,0.45771,0.50994,0.451
15_Spain
50,51,52,53,54,55,56,57,58,59,60,61,62,63,64,65,66,67,68,69,70,71,72,73,74,75,76,77,78,79,80,81,82,83,84,85,86,87,88,89,90
9.5889,12.1181,13.4547,11.2746,13.1011,12.8242,11.1364,13.0306,9.9605,10.2629,9.8114,11.6585,8.192,10.9615,8.6581,9.8955,9.1918,10.4757,11.104,10.2654,12.0537,10.7179,12.2614,12.8265,12.4463,10.4239,10.4514,11.5002,10.11,10.2942,11.0565,10.4753,9.2273,9.4613,11.0709,12.012,9.1413,12.4154,9.1273,10.6846,7.3231
0.51299,0.49253,0.4797,0.49786,0.48293,0.48715,0.50007,0.48502,0.50933,0.50714,0.51191,0.49704,0.52555,0.5028,0.52073,0.51176,0.51773,0.50894,0.50504,0.51229,0.49813,0.51019,0.49713,0.49475,0.49662,0.51392,0.51308,0.50352,0.51576,0.51412,0.50798,0.51327,0.52415,0.52233,0.50873,0.50231,0.52197,0.49902,0.52469,0.50869,0.54141
16_Italy
50,51,52,53,54,55,56,57,58,59,60,61,62,63,64,65,66,67,68,69,70,71,72,73,74,75,76,77,78,79,80,81,82,83,84,85,86,87,88,89,90
10.1791,9.2427,8.8072,10.1395,11.8312,10.6052,11.6848,11.4751,11.414,11.1539,12.6911,10.2933,12.6301,10.2925,12.7479,10.4926,10.486,10.6892,11.8124,9.3655,10.7253,9.9462,12.2599,10.6893,11.3234,9.9732,11.0193,9.8216,9.8049,10.4265,11.3475,10.3594,11.7725,11.7462,12.1349,11.6994,15.163,11.1564,15.0081,7.1749,11.1225
0.50073,0.50392,0.50996,0.49777,0.4885,0.49642,0.49071,0.49293,0.4935,0.49637,0.48436,0.50285,0.48603,0.50379,0.48567,0.50402,0.50358,0.50398,0.49499,0.5138,0.5028,0.50965,0.49209,0.50396,0.4992,0.51147,0.50294,0.51166,0.51227,0.50601,0.50078,0.50581,0.4974,0.49409,0.49348,0.49493,0.47001,0.50405,0.46309,0.53807,0.50144
17_France
50,51,52,53,54,55,56,57,58,59,60,61,62,63,64,65,66,67,68,69,70,71,72,73,74,75,76,77,78,79,80,81,82,83,84,85,86,87,88,89,90
12.6013,10.4381,11.1605,10.2779,11.424,9.8791,12.6026,10.611,12.0029,10.5817,9.2687,9.8367,8.1302,9.7846,9.8966,9.9415,8.5672,11.234,8.8555,10.5128,9.537,10.7281,10.0916,10.8507,9.4872,10.6357,10.9032,11.4311,7.7889,11.5464,7.7143,9.0679,9.5285,9.4723,10.4696,8.8838,10.3384,9.1385,9.7573,7.1693,11.0349
0.47715,0.49773,0.49387,0.49656,0.48915,0.4996,0.48215,0.49474,0.48781,0.49718,0.50818,0.50339,0.51754,0.50455,0.50501,0.50459,0.51521,0.49549,0.51322,0.50251,0.50954,0.50021,0.50508,0.50008,0.5107,0.50244,0.5013,0.49814,0.52459,0.49629,0.52567,0.5147,0.51172,0.51239,0.50401,0.5164,0.50513,0.51568,0.50904,0.5312,0.49838
18_Denmark
50,51,52,53,54,55,56,57,58,59,60,61,62,63,64,65,66,67,68,69,70,71,72,73,74,75,76,77,78,79,80,81,82,83,84,85,86,87,88,89,90
6.7695,7.124,7.3272,5.7809,6.0988,5.9684,6.1443,5.7048,6.3119,6.1961,5.5675,6.0459,6.2245,6.5022,6.7301,5.7206,6.5548,6.6185,5.8955,5.6778,6.196,4.5386,5.9266,4.9363,5.3547,4.9287,2.8903,6.2971,3.4165,4.8535,3.5184,4.8764,4.5015,6.4678,5.4565,6.2278,5.088,5.1722,3.9608,5.9534,5.2145
0.53865,0.53709,0.53632,0.54871,0.54516,0.54722,0.54524,0.55075,0.54278,0.54725,0.55222,0.54836,0.54861,0.54392,0.54651,0.55098,0.54744,0.54518,0.55338,0.55516,0.55025,0.56658,0.55357,0.56238,0.55942,0.56232,0.58113,0.55329,0.57863,0.56627,0.57707,0.56706,0.5714,0.55314,0.56369,0.55732,0.5664,0.56614,0.58123,0.55782,0.56945
19_Greece
50,51,52,53,54,55,56,57,58,59,60,61,62,63,64,65,66,67,68,69,70,71,72,73,74,75,76,77,78,79,80,81,82,83,84,85,86,87,88,89,90
15.4163,11.4759,8.7282,14.9894,11.4951,12.568,12.2532,10.6777,10.5817,11.2458,13.0599,11.3078,9.6374,12.8635,11.3439,13.669,15.3241,13.5423,12.564,13.4225,13.1254,13.5417,12.1203,12.8087,11.3442,10.0987,9.0322,10.5777,11.0152,12.642,10.7467,10.6854,10.7788,9.0583,12.2438,12.1518,11.3221,11.0638,14.9721,11.3507,11.2575
0.4655,0.48967,0.51057,0.4686,0.49097,0.48312,0.48642,0.49975,0.49781,0.49613,0.48178,0.49401,0.50423,0.48425,0.49626,0.47967,0.46837,0.47973,0.48757,0.47986,0.4856,0.48185,0.49204,0.48866,0.49644,0.50793,0.51606,0.50455,0.50279,0.48967,0.50266,0.50157,0.5024,0.51536,0.49116,0.49232,0.50241,0.49987,0.47143,0.49964,0.49285
20_Switzerland
50,51,52,53,54,55,56,57,58,59,60,61,62,63,64,65,66,67,68,69,70,71,72,73,74,75,76,77,78,79,80,81,82,83,84,85,86,87,88,89,90
11.8326,11.8918,10.7229,11.1015,11.0528,10.0899,10.5029,11.6461,8.5687,10.9333,9.716,10.6714,11.0134,10.9431,9.9332,10.977,11.6298,8.1117,9.352,8.0735,9.2881,7.6166,9.9834,8.2811,11.6211,7.8666,9.2857,8.8926,11.4101,9.0754,10.3756,8.9494,11.1162,11.9832,12.7758,11.0066,11.5248,11.5876,10.045,6.2613,14.888
0.48495,0.48273,0.48981,0.48782,0.48683,0.49681,0.49271,0.4861,0.50625,0.4896,0.49899,0.49138,0.49082,0.49091,0.49935,0.49058,0.48726,0.5128,0.50305,0.51323,0.5032,0.51766,0.49681,0.51262,0.48738,0.51555,0.50645,0.51091,0.48969,0.51023,0.49918,0.51212,0.49276,0.49025,0.48022,0.49416,0.4885,0.48876,0.49959,0.52994,0.4621
23_Belgium
50,51,52,53,54,55,56,57,58,59,60,61,62,63,64,65,66,67,68,69,70,71,72,73,74,75,76,77,78,79,80,81,82,83,84,85,86,87,88,89,90
13.3075,9.9621,9.4549,10.9635,10.6292,10.7575,9.3875,10.4873,9.8173,10.0022,10.6211,10.4953,10.2236,9.8923,9.4344,10.3536,9.5744,10.5924,9.8684,10.1422,8.8527,9.6148,9.7007,10.2782,10.484,9.6371,11.1381,10.8478,9.5489,9.7749,9.9551,10.9038,10.737,10.9739,10.7373,11.2457,11.5181,11.0015,9.9878,8.3949,12.7361
0.48071,0.49653,0.50073,0.49009,0.49238,0.49176,0.50128,0.49449,0.50003,0.4981,0.49556,0.4953,0.49879,0.49959,0.50513,0.49819,0.50582,0.49724,0.50424,0.50135,0.51239,0.50593,0.50676,0.50192,0.50035,0.50689,0.49638,0.49842,0.50783,0.50591,0.50499,0.49808,0.49999,0.49729,0.49868,0.49511,0.49271,0.49556,0.5051,0.5163,0.48517
28_Czech
50,51,52,53,54,55,56,57,58,59,60,61,62,63,64,65,66,67,68,69,70,71,72,73,74,75,76,77,78,79,80,81,82,83,84,85,86,87,88,89,90
7.2532,12.2229,6.7201,11.5467,9.5864,10.604,11.7039,10.7339,10.235,10.5428,10.6407,9.8183,10.6557,10.3356,9.5379,10.876,9.9774,11.2254,10.0794,11.1958,10.6556,12.4723,10.6604,11.0945,12.6665,10.8006,11.0837,13.1312,12.773,11.5827,12.7065,10.9271,12.0505,11.2293,11.5405,11.5944,12.0984,9.9298,11.716,12.2305,13.8052
0.5123,0.48337,0.51621,0.4886,0.50126,0.49457,0.49018,0.49326,0.4989,0.49629,0.49586,0.50091,0.49754,0.4997,0.50393,0.49759,0.50183,0.49435,0.50139,0.49516,0.49895,0.48571,0.50066,0.49609,0.48624,0.49829,0.49722,0.48323,0.48594,0.4934,0.48709,0.4972,0.49068,0.49474,0.4974,0.49501,0.49171,0.50414,0.49213,0.48459,0.47947
29_Poland
50,51,52,53,54,55,56,57,58,59,60,61,62,63,64,65,66,67,68,69,70,71,72,73,74,75,76,77,78,79,80,81,82,83,84,85,86,87,88,89,90
0.42624,10.3348,5.8812,9.4321,9.7382,9.1512,8.4131,8.9972,8.5582,9.6994,7.5592,9.0476,8.6257,8.3575,8.1491,8.5863,7.2922,8.174,8.3494,7.376,7.6358,7.8723,7.8796,8.7623,6.3774,7.5835,8.025,6.3412,6.7407,8.6745,6.8568,8.6916,8.0236,9.3897,9.7859,9.5225,8.455,4.1937,12.1179,6.4122,14.5562
0.55986,0.49886,0.52949,0.50269,0.50253,0.50901,0.514,0.50826,0.51125,0.50448,0.52183,0.51097,0.51377,0.51582,0.51826,0.51714,0.52482,0.52017,0.51932,0.52659,0.52545,0.52217,0.5239,0.51746,0.53598,0.52553,0.52131,0.53601,0.53382,0.5164,0.53449,0.51919,0.52595,0.51573,0.51028,0.51228,0.51563,0.55237,0.49499,0.53801,0.47116
31_Luxembourg
52,53,54,55,56,57,58,59,60,61,62,63,64,65,66,67,68,69,70,71,72,73,74,75,76,77,78,79,80,81,82,83,84,85
8.1993,6.788,8.0049,9.272,9.8794,9.7569,10.4726,10.7701,11.1001,10.0479,9.9888,9.1911,8.7085,10.6064,8.396,8.9414,10.5228,10.1004,9.1434,7.0353,12.6522,7.0679,6.8141,8.319,7.8725,9.6226,8.0446,7.1569,6.7691,6.5582,7.2349,8,5.987,9.9616
0.50817,0.51756,0.51039,0.50703,0.49961,0.50165,0.49567,0.49502,0.49014,0.50132,0.5005,0.50458,0.51041,0.4946,0.5137,0.50815,0.49805,0.50185,0.50756,0.52425,0.48952,0.52547,0.52639,0.51487,0.5224,0.50633,0.51936,0.52924,0.52809,0.52656,0.52755,0.52072,0.54041,0.50224
32_Hungary
51,52,53,54,55,56,57,58,59,60,61,62,63,64,65,66,67,68,69,70,71,72,73,74,75,76,77,78,79,80,81,82,83,84,85
12.8527,10.6921,8.359,11.8332,11.0849,8.5751,12.0829,9.5136,10.7015,11.0745,9.4243,11.4143,9.8843,8.4273,6.4837,10.5028,9.1824,10.9977,6.9392,8.0593,11.0873,10.256,7.6831,5.8729,7.7696,8.2207,11.4175,9.7726,4.9662,7.8373,9.5726,6.7832,7.7032,6.7262,8.264
0.48598,0.49573,0.51205,0.48999,0.49562,0.51462,0.49203,0.50985,0.49889,0.49852,0.50887,0.49794,0.50816,0.51773,0.52912,0.50148,0.51233,0.49878,0.53116,0.51924,0.50028,0.50454,0.52211,0.53386,0.52051,0.51727,0.4956,0.50584,0.54296,0.51909,0.50559,0.53006,0.52633,0.5295,0.52231
33_Portugal
51,52,53,54,55,56,57,58,59,60,61,62,63,64,65,66,67,68,69,70,71,72,73,74,75,76,77,78,79,80,81,82,83,84,85,86,87
9.805,11.1827,1.6624,9.1432,7.0445,11.342,13.2629,10.5916,12.6682,9.209,7.2365,9.3153,5.7222,10.0747,8.016,9.1194,7.4228,9.8278,9.7647,10.6061,9.7673,9.3262,10.3284,8.0248,5.9163,9.0285,6.3621,8.2218,10.2028,11.168,9.0926,8.0302,11.5489,5.1232,9.8124,3.4386,5.7555
0.5125,0.49758,0.57439,0.51808,0.53831,0.4988,0.4904,0.50707,0.49332,0.51687,0.5348,0.52044,0.54737,0.51434,0.52948,0.5226,0.53528,0.51919,0.51582,0.50775,0.51613,0.5219,0.51249,0.53123,0.5492,0.52306,0.54205,0.52755,0.51414,0.5039,0.52142,0.533,0.49725,0.5493,0.51278,0.57868,0.54767
34_Slovenia
50,51,52,53,54,55,56,57,58,59,60,61,62,63,64,65,66,67,68,69,70,71,72,73,74,75,76,77,78,79,80,81,82,83,84,85,86,87,88,89,90
6.2061,13.939,10.6494,11.7051,8.3476,11.8428,11.2944,10.9205,11.4111,9.9082,11.4561,11.2837,11.7722,9.4669,11.4491,11.137,10.9836,9.5516,9.4216,11.4447,10.9303,10.7844,10.3174,10.8527,9.6995,10.1681,10.4305,8.3848,9.2839,9.141,10.7285,8.0773,10.1373,9.8229,8.1435,7.7189,8.0752,9.8522,6.0554,12.1563,7.9303
0.52352,0.47132,0.49274,0.4876,0.51004,0.48807,0.49141,0.49412,0.48959,0.50298,0.49036,0.49438,0.48979,0.50736,0.49331,0.49645,0.49753,0.50773,0.51045,0.49513,0.49962,0.49969,0.50263,0.50012,0.50704,0.50736,0.50191,0.51833,0.51219,0.51395,0.50243,0.52264,0.50694,0.5106,0.52032,0.52548,0.5156,0.50709,0.53776,0.49215,0.52095
35_Estonia
50,51,52,53,54,55,56,57,58,59,60,61,62,63,64,65,66,67,68,69,70,71,72,73,74,75,76,77,78,79,80,81,82,83,84,85,86,87,88,89,90
5.9735,10.5963,7.0574,8.9338,7.5725,7.8543,8.9633,7.5193,7.9228,8.2395,6.87,9.0694,7.0483,7.22,7.4756,7.2509,9.1943,7.5984,8.8114,8.4826,6.3471,7.6469,7.6088,8.6131,7.8231,8.0894,7.3499,6.9501,8.5424,7.9362,9.2655,9.294,10.2962,8.0616,9.5197,5.1551,8.3556,9.2012,9.7033,7.12,8.7565
0.52195,0.48885,0.51262,0.50127,0.51092,0.51011,0.50256,0.51147,0.50853,0.50779,0.51786,0.50428,0.51827,0.51777,0.51652,0.5198,0.5052,0.51698,0.50846,0.51208,0.52672,0.5197,0.51872,0.5121,0.51711,0.51641,0.52092,0.52419,0.51332,0.51681,0.50891,0.50753,0.49866,0.51665,0.50625,0.53808,0.51557,0.50901,0.50208,0.52398,0.50916
47_Croatia
51,52,53,54,55,56,57,58,59,60,61,62,63,64,65,66,67,68,69,70,71,72,73,74,75,76,77,78,79,80,81,82,83,84,85,86,87,88,89
9.9082,11.7184,9.7334,9.205,13.2411,8.8703,11.6555,8.815,11.29,10.2406,8.1535,9.415,10.933,7.0739,10.4953,9.0707,10.0508,10.0325,12.0684,8.171,10.7748,10.1473,11.9369,7.914,10.9784,11.0604,9.6933,10.0385,7.0328,10.4888,9.7737,11.4101,10.3019,13.7063,9.3746,13.1981,6.2534,6.447,10.7334
0.49325,0.48428,0.4974,0.50057,0.47789,0.50431,0.48563,0.50416,0.48845,0.49745,0.51126,0.50457,0.49405,0.52034,0.49628,0.50698,0.49947,0.49991,0.48658,0.51417,0.49837,0.50084,0.48966,0.51634,0.49475,0.49904,0.50371,0.50072,0.52281,0.49676,0.50384,0.49259,0.49882,0.47181,0.50822,0.47434,0.531,0.53691,0.49239
48_Lithuania
51,52,53,54,55,56,57,58,59,60,61,62,63,64,65,66,67,68,69,70,71,72,73,74,75,76,77,78,79,80,81,82,83,84,85,86,87
12.5399,3.595,10.6129,2.349,13.8505,8.3704,5.5809,6.3764,5.9718,10.8263,9.3375,13.1557,14.0059,10.2962,8.5643,6.1253,8.0619,9.0968,5.7955,7.1931,6.0982,8.8536,8.604,10.6109,6.5447,14.2419,10.1176,9.3054,14.6588,5.522,12.701,9.2798,14.8904,12.9694,14.3152,15.1131,9.5956
0.47308,0.53002,0.49223,0.54722,0.46999,0.50727,0.52651,0.52376,0.52702,0.49073,0.49751,0.47956,0.46995,0.49885,0.51089,0.52809,0.51579,0.50711,0.53199,0.52218,0.53279,0.50675,0.51385,0.50018,0.52833,0.47327,0.50484,0.50969,0.46922,0.5365,0.48522,0.51039,0.46847,0.48032,0.46064,0.46594,0.4979
51_Bulgaria
51,52,53,54,55,56,57,58,59,60,61,62,63,64,65,66,67,68,69,70,71,72,73,74,75,76,77,78,79,80,81,82,83,84,85
6.7485,8.9698,18.2468,6.9956,11.4691,8.4985,12.4226,11.4762,12.7701,5.72,8.4806,10.6922,8.1007,17.6664,4.9183,10.3359,14.9123,9.6319,14.559,7.7653,15.0463,11.2839,8.1459,17.6276,10.1276,9.4993,9.0397,8.3876,9.1508,8.8898,12.0833,9.4287,5.8514,13.7125,6.2873
0.52017,0.51643,0.44343,0.52284,0.49334,0.51476,0.49127,0.49823,0.48843,0.53622,0.51491,0.5027,0.51927,0.45045,0.54248,0.50075,0.46743,0.51133,0.47275,0.52038,0.46496,0.49504,0.51846,0.4489,0.50551,0.51032,0.51142,0.52152,0.51132,0.50885,0.49009,0.51128,0.53315,0.47542,0.52814
53_Cyprus
56,57,58,59,60,61,62,63,64,65,66,67,68,69,70,71,72,73,74,75,76,77,78,79,80,81,82,83,84
16.1339,5.0755,8.2286,4.5482,10.697,1.9154,11.7954,7.5426,2.2938,13.3661,9.2555,4.5256,10.3648,6.0744,12.6262,8.1324,11.0782,7.8496,7.03,4.3905,13.559,13.4964,7.0072,16.1821,6.7346,16.8838,16.4576,7.8471,10.4788
0.45837,0.53559,0.50944,0.54618,0.50218,0.55671,0.48872,0.52451,0.56338,0.48345,0.51668,0.5533,0.50841,0.54024,0.48783,0.51976,0.51391,0.52487,0.53499,0.55723,0.47803,0.48234,0.53386,0.45883,0.53897,0.45426,0.46196,0.52859,0.49991
55_Finland
51,52,53,54,55,56,57,58,59,60,61,62,63,64,65,66,67,68,69,70,71,72,73,74,75,76,77,78,79,80,81,82,83,84,85
7.1567,8.859,11.5302,10.0338,9.8844,5.6925,12.4364,12.0522,9.2571,10.1359,13.054,9.9839,10.605,10.384,9.1765,9.8446,6.7356,8.7549,7.4846,9.2375,10.0191,8.9912,8.4643,8.7421,9.7407,13.778,9.028,7.9299,3.154,13.7207,10.8659,11.6346,8.2552,11.9966,9.1247
0.51153,0.4971,0.48356,0.49435,0.49527,0.52087,0.47879,0.47957,0.50288,0.4956,0.47555,0.50157,0.4878,0.49477,0.50213,0.49617,0.51987,0.50417,0.51484,0.50259,0.49673,0.50498,0.50927,0.50859,0.50158,0.46737,0.50574,0.51134,0.54478,0.47349,0.49144,0.48317,0.51408,0.47507,0.50636
57_Latvia
51,52,53,54,55,56,57,58,59,60,61,62,63,64,65,66,67,68,69,70,71,72,73,74,75,76,77,78,79,80,81,82,83,84,85
7.8495,8.6799,7.0481,12.0903,8.2863,10.7551,5.7972,9.7142,9.0831,9.5981,12.8649,9.0948,13.2368,8.4408,9.7223,9.1907,10.8896,7.8305,8.1019,10.2291,10.2121,9.0962,13.2247,8.9848,3.6925,9.2348,8.9836,7.5027,18.5312,5.7042,6.7853,9.0729,2.3107,5.6615,18.2322
0.50665,0.50334,0.51433,0.48391,0.50427,0.49289,0.5242,0.49996,0.50055,0.50344,0.4795,0.50408,0.48097,0.50736,0.5017,0.50686,0.49648,0.51574,0.51764,0.50119,0.50231,0.51259,0.48093,0.51497,0.54635,0.50676,0.5121,0.52284,0.44458,0.53647,0.52394,0.51305,0.5582,0.53369,0.44552
59_Malta
56,57,58,59,60,61,62,63,64,65,66,67,68,69,70,71,72,73,74,75,76,77,78,79
15.4887,16.0876,10.8477,6.6931,12.1917,9.7551,12.8515,13.9043,9.7116,12.7045,12.1051,14.8982,4.8905,8.7419,11.7522,8.7046,14.5837,9.0653,8.0671,13.6308,14.7335,0.28646,8.8552,10.0986
0.48494,0.48467,0.51596,0.55557,0.51098,0.52898,0.51455,0.50702,0.53674,0.51067,0.51872,0.4983,0.58055,0.5487,0.51809,0.5426,0.4952,0.54031,0.55023,0.50518,0.49713,0.61867,0.54879,0.52958
61_Romania
51,52,53,54,55,56,57,58,59,60,61,62,63,64,65,66,67,68,69,70,71,72,73,74,75,76,77,78,79,80,81,82,83,84,85
12.4771,7.2121,12.1879,9.4814,12.1989,10.4118,9.7404,9.7876,7.4417,7.7729,11.3825,8.5218,9.6007,9.1822,9.9844,9.5576,10.3233,9.0991,13.3434,9.3648,10.204,6.8049,7.7566,11.6594,10.1729,11.2234,8.9928,15.3816,15.0131,16.1497,11.1205,14.3161,9.2072,9.749,5.9483
0.48702,0.52319,0.48732,0.50799,0.49356,0.50013,0.50772,0.50745,0.52284,0.52389,0.50059,0.51726,0.51087,0.51409,0.50561,0.51441,0.50215,0.51523,0.48674,0.51209,0.50716,0.53547,0.52743,0.49982,0.51005,0.50125,0.51468,0.4711,0.47786,0.47549,0.50275,0.47853,0.5179,0.50463,0.54876
63_Slovakia
51,52,53,54,55,56,57,58,59,60,61,62,63,64,65,66,67,68,69,70,71,72,73,74,75,76,77
16.8115,13.6451,15.1213,15.3027,13.4936,14.5664,14.5566,10.9213,14.9988,11.1205,13.5379,11.3045,18.7781,13.079,15.7118,11.168,9.8973,16.3912,13.1944,12.5317,9.6333,11.0095,7.7988,7.0767,11.6672,7.7232,11.9992
0.45486,0.47425,0.46324,0.46174,0.474,0.46902,0.46742,0.49561,0.46945,0.49625,0.47833,0.49077,0.44463,0.48278,0.46229,0.49557,0.49906,0.46209,0.48137,0.48007,0.50287,0.49788,0.51826,0.52853,0.49005,0.52077,0.4905
"
